=== v16 Total Reward distribution ===
   7718 5.304
    162 5.211
    160 5.199
    102 5.228
     86 5.234
     80 5.220
     80 5.184
     62 5.244
     60 0.900
     52 5.239
     50 5.094
     36 5.117
     34 5.164
     34 5.024
     32 5.110
     30 5.151
     28 5.248
     28 5.136
     26 5.171
     26 4.864
     26 3.817
     24 5.046
     24 1.380
     22 5.252
     22 5.004
     22 0.535
     20 5.075
     20 5.052
     18 4.750
     18 1.440

=== v16 reward=-1 count ===
1514

=== v16 total [Total Reward] count ===
9980

=== v15 Total Reward distribution (comparison) ===
   5454 4.656
    162 5.170
    152 5.165
    150 5.180
    150 5.163
    148 5.169
    146 5.167
    144 5.174
    144 5.152
    144 5.150
    144 5.129
    140 5.155
    138 5.158
    138 5.154
    136 5.179
    136 5.159
    134 5.176
    134 5.164
    132 5.177
    132 5.137
    132 5.121
    130 5.182
    130 5.146
    128 5.189
    128 5.178
    128 5.140
    128 5.120
    126 5.204
    126 5.184
    126 5.166

=== v16 log file info ===
-rw-r--r-- 1 root root 811M Apr 19 06:18 /tmp/train_v14.log
-rw-r--r-- 1 root root 1.2G Apr 30 01:22 /tmp/train_v15.log
-rw-r--r-- 1 root root 349M May  9 01:23 /tmp/train_v16.log
